(kicad_pcb (version 20171130) (host pcbnew 5.1.5-52549c5~84~ubuntu16.04.1)

  (general
    (thickness 1.6)
    (drawings 19)
    (tracks 265)
    (zones 0)
    (modules 20)
    (nets 15)
  )

  (page USLetter)
  (title_block
    (title "Simple IRF510 Power Amplifier - V1")
    (date 2020-05-03)
    (rev -)
    (company "Amateur Radio")
    (comment 2 creativecommons.org/licenses/by/4.0/)
    (comment 3 "License: CC BY 4.0")
    (comment 4 "Author: Zach Leffke, KJ4QLP")
  )

  (layers
    (0 F.Cu signal)
    (31 B.Cu signal)
    (32 B.Adhes user)
    (33 F.Adhes user)
    (34 B.Paste user)
    (35 F.Paste user)
    (36 B.SilkS user)
    (37 F.SilkS user)
    (38 B.Mask user)
    (39 F.Mask user)
    (40 Dwgs.User user)
    (41 Cmts.User user)
    (42 Eco1.User user)
    (43 Eco2.User user)
    (44 Edge.Cuts user)
    (45 Margin user)
    (46 B.CrtYd user)
    (47 F.CrtYd user)
    (48 B.Fab user)
    (49 F.Fab user)
  )

  (setup
    (last_trace_width 0.254)
    (user_trace_width 0.254)
    (user_trace_width 0.508)
    (user_trace_width 0.762)
    (user_trace_width 1.016)
    (trace_clearance 0.1524)
    (zone_clearance 0.1524)
    (zone_45_only no)
    (trace_min 0.1524)
    (via_size 0.508)
    (via_drill 0.254)
    (via_min_size 0.508)
    (via_min_drill 0.254)
    (uvia_size 0.508)
    (uvia_drill 0.254)
    (uvias_allowed no)
    (uvia_min_size 0.508)
    (uvia_min_drill 0.254)
    (edge_width 0.05)
    (segment_width 0.2)
    (pcb_text_width 0.3)
    (pcb_text_size 1.5 1.5)
    (mod_edge_width 0.12)
    (mod_text_size 1 1)
    (mod_text_width 0.15)
    (pad_size 1.524 1.524)
    (pad_drill 0.762)
    (pad_to_mask_clearance 0.051)
    (solder_mask_min_width 0.25)
    (aux_axis_origin 0 0)
    (visible_elements FFFDFF7F)
    (pcbplotparams
      (layerselection 0x010fc_ffffffff)
      (usegerberextensions false)
      (usegerberattributes false)
      (usegerberadvancedattributes false)
      (creategerberjobfile false)
      (excludeedgelayer true)
      (linewidth 0.100000)
      (plotframeref false)
      (viasonmask false)
      (mode 1)
      (useauxorigin false)
      (hpglpennumber 1)
      (hpglpenspeed 20)
      (hpglpendiameter 15.000000)
      (psnegative false)
      (psa4output false)
      (plotreference true)
      (plotvalue true)
      (plotinvisibletext false)
      (padsonsilk false)
      (subtractmaskfromsilk false)
      (outputformat 1)
      (mirror false)
      (drillshape 1)
      (scaleselection 1)
      (outputdirectory ""))
  )

  (net 0 "")
  (net 1 +12V)
  (net 2 GND)
  (net 3 "Net-(C2-Pad2)")
  (net 4 "Net-(C3-Pad2)")
  (net 5 "Net-(C3-Pad1)")
  (net 6 +5V)
  (net 7 "Net-(C7-Pad1)")
  (net 8 "Net-(C7-Pad2)")
  (net 9 "Net-(J1-Pad3)")
  (net 10 "Net-(Q1-Pad1)")
  (net 11 "Net-(C4-Pad2)")
  (net 12 "Net-(J3-Pad2)")
  (net 13 "Net-(J3-Pad3)")
  (net 14 "Net-(D1-Pad2)")

  (net_class Default "This is the default net class."
    (clearance 0.1524)
    (trace_width 0.254)
    (via_dia 0.508)
    (via_drill 0.254)
    (uvia_dia 0.508)
    (uvia_drill 0.254)
    (add_net +12V)
    (add_net +5V)
    (add_net GND)
    (add_net "Net-(C2-Pad2)")
    (add_net "Net-(C3-Pad1)")
    (add_net "Net-(C3-Pad2)")
    (add_net "Net-(C4-Pad2)")
    (add_net "Net-(C7-Pad1)")
    (add_net "Net-(C7-Pad2)")
    (add_net "Net-(D1-Pad2)")
    (add_net "Net-(J1-Pad3)")
    (add_net "Net-(J3-Pad2)")
    (add_net "Net-(J3-Pad3)")
    (add_net "Net-(Q1-Pad1)")
  )

  (module digikey-footprints:0805 (layer F.Cu) (tedit 5D288D36) (tstamp 5EAEB180)
    (at 86.36 118.11 90)
    (path /5EB098E7)
    (attr smd)
    (fp_text reference R4 (at 2.54 0 90) (layer F.SilkS)
      (effects (font (size 0.762 0.762) (thickness 0.127)))
    )
    (fp_text value 10k (at 0 1.95 90) (layer F.Fab)
      (effects (font (size 1 1) (thickness 0.15)))
    )
    (fp_line (start -0.95 -0.675) (end -0.95 0.675) (layer F.Fab) (width 0.12))
    (fp_line (start 0.95 -0.675) (end 0.95 0.675) (layer F.Fab) (width 0.12))
    (fp_line (start -0.95 -0.68) (end 0.95 -0.68) (layer F.Fab) (width 0.12))
    (fp_line (start -0.95 0.68) (end 0.95 0.68) (layer F.Fab) (width 0.12))
    (fp_line (start -0.3 -0.8) (end 0.3 -0.8) (layer F.SilkS) (width 0.12))
    (fp_line (start -0.32 0.8) (end 0.28 0.8) (layer F.SilkS) (width 0.12))
    (fp_line (start -1.9 0.93) (end -1.9 -0.93) (layer F.CrtYd) (width 0.05))
    (fp_line (start 1.9 0.93) (end 1.9 -0.93) (layer F.CrtYd) (width 0.05))
    (fp_line (start -1.9 -0.93) (end 1.9 -0.93) (layer F.CrtYd) (width 0.05))
    (fp_line (start -1.9 0.93) (end 1.9 0.93) (layer F.CrtYd) (width 0.05))
    (pad 1 smd rect (at -1.05 0 90) (size 1.2 1.2) (layers F.Cu F.Paste F.Mask)
      (net 6 +5V))
    (pad 2 smd rect (at 1.05 0 90) (size 1.2 1.2) (layers F.Cu F.Paste F.Mask)
      (net 14 "Net-(D1-Pad2)"))
  )

  (module LED_SMD:LED_0805_2012Metric (layer F.Cu) (tedit 5B36C52C) (tstamp 5EAEB256)
    (at 84.455 118.11 90)
    (descr "LED SMD 0805 (2012 Metric), square (rectangular) end terminal, IPC_7351 nominal, (Body size source: https://docs.google.com/spreadsheets/d/1BsfQQcO9C6DZCsRaXUlFlo91Tg2WpOkGARC1WS5S8t0/edit?usp=sharing), generated with kicad-footprint-generator")
    (tags diode)
    (path /5EB0838A)
    (attr smd)
    (fp_text reference D1 (at 2.54 0 90) (layer F.SilkS)
      (effects (font (size 0.762 0.762) (thickness 0.127)))
    )
    (fp_text value LED (at 0 1.65 90) (layer F.Fab)
      (effects (font (size 1 1) (thickness 0.15)))
    )
    (fp_text user %R (at 0 0 90) (layer F.Fab)
      (effects (font (size 0.5 0.5) (thickness 0.08)))
    )
    (fp_line (start 1.68 0.95) (end -1.68 0.95) (layer F.CrtYd) (width 0.05))
    (fp_line (start 1.68 -0.95) (end 1.68 0.95) (layer F.CrtYd) (width 0.05))
    (fp_line (start -1.68 -0.95) (end 1.68 -0.95) (layer F.CrtYd) (width 0.05))
    (fp_line (start -1.68 0.95) (end -1.68 -0.95) (layer F.CrtYd) (width 0.05))
    (fp_line (start -1.685 0.96) (end 1 0.96) (layer F.SilkS) (width 0.12))
    (fp_line (start -1.685 -0.96) (end -1.685 0.96) (layer F.SilkS) (width 0.12))
    (fp_line (start 1 -0.96) (end -1.685 -0.96) (layer F.SilkS) (width 0.12))
    (fp_line (start 1 0.6) (end 1 -0.6) (layer F.Fab) (width 0.1))
    (fp_line (start -1 0.6) (end 1 0.6) (layer F.Fab) (width 0.1))
    (fp_line (start -1 -0.3) (end -1 0.6) (layer F.Fab) (width 0.1))
    (fp_line (start -0.7 -0.6) (end -1 -0.3) (layer F.Fab) (width 0.1))
    (fp_line (start 1 -0.6) (end -0.7 -0.6) (layer F.Fab) (width 0.1))
    (pad 2 smd roundrect (at 0.9375 0 90) (size 0.975 1.4) (layers F.Cu F.Paste F.Mask) (roundrect_rratio 0.25)
      (net 14 "Net-(D1-Pad2)"))
    (pad 1 smd roundrect (at -0.9375 0 90) (size 0.975 1.4) (layers F.Cu F.Paste F.Mask) (roundrect_rratio 0.25)
      (net 2 GND))
    (model ${KISYS3DMOD}/LED_SMD.3dshapes/LED_0805_2012Metric.wrl
      (at (xyz 0 0 0))
      (scale (xyz 1 1 1))
      (rotate (xyz 0 0 0))
    )
  )

  (module digikey-footprints:RF_SMA_BoardEdge_142-0701-801 (layer F.Cu) (tedit 5CADFB52) (tstamp 5EAED2A3)
    (at 127 126.365 270)
    (descr https://belfuse.com/resources/Johnson/productinformation/pi-142-0701-801.pdf)
    (path /5EAE6029)
    (fp_text reference J5 (at 4.445 6.985) (layer F.SilkS)
      (effects (font (size 1 1) (thickness 0.15)))
    )
    (fp_text value RF_OUT (at 0 6.36 90) (layer F.Fab)
      (effects (font (size 1 1) (thickness 0.15)))
    )
    (fp_line (start -5.84 0) (end 5.84 0) (layer F.CrtYd) (width 0.05))
    (fp_line (start 4.76 4.75) (end 4.76 -9.52) (layer F.Fab) (width 0.1))
    (fp_line (start 4.76 -9.52) (end -4.76 -9.52) (layer F.Fab) (width 0.1))
    (fp_line (start 4.76 4.75) (end -4.76 4.75) (layer F.Fab) (width 0.1))
    (fp_line (start -4.76 4.75) (end -4.76 -9.52) (layer F.Fab) (width 0.1))
    (fp_line (start -5.84 0) (end -5.84 5.33) (layer F.CrtYd) (width 0.05))
    (fp_line (start 5.84 0) (end 5.84 5.33) (layer F.CrtYd) (width 0.05))
    (fp_line (start -5.84 5.33) (end 5.84 5.33) (layer F.CrtYd) (width 0.05))
    (fp_text user %R (at 0 -3.7 90) (layer F.Fab)
      (effects (font (size 1 1) (thickness 0.15)))
    )
    (pad 2 smd rect (at -4.3815 2.54 270) (size 2.413 5.08) (layers B.Cu B.Paste B.Mask)
      (net 2 GND))
    (pad 2 smd rect (at 4.3815 2.54 270) (size 2.413 5.08) (layers B.Cu B.Paste B.Mask)
      (net 2 GND))
    (pad 2 smd rect (at 4.3815 2.54 270) (size 2.413 5.08) (layers F.Cu F.Paste F.Mask)
      (net 2 GND))
    (pad 1 smd rect (at 0 2.54 270) (size 2.286 5.08) (layers F.Cu F.Paste F.Mask)
      (net 7 "Net-(C7-Pad1)"))
    (pad 2 smd rect (at -4.3815 2.54 270) (size 2.413 5.08) (layers F.Cu F.Paste F.Mask)
      (net 2 GND))
  )

  (module Connector_PinHeader_2.54mm:PinHeader_1x03_P2.54mm_Vertical (layer F.Cu) (tedit 59FED5CC) (tstamp 5EAE98E9)
    (at 109.855 130.175 90)
    (descr "Through hole straight pin header, 1x03, 2.54mm pitch, single row")
    (tags "Through hole pin header THT 1x03 2.54mm single row")
    (path /5EB15C83)
    (fp_text reference J4 (at -0.635 7.62 90) (layer F.SilkS)
      (effects (font (size 1 1) (thickness 0.15)))
    )
    (fp_text value FT50-43,10T (at 0 7.41 90) (layer F.Fab)
      (effects (font (size 1 1) (thickness 0.15)))
    )
    (fp_text user %R (at 0 2.54) (layer F.Fab)
      (effects (font (size 1 1) (thickness 0.15)))
    )
    (fp_line (start 1.8 -1.8) (end -1.8 -1.8) (layer F.CrtYd) (width 0.05))
    (fp_line (start 1.8 6.85) (end 1.8 -1.8) (layer F.CrtYd) (width 0.05))
    (fp_line (start -1.8 6.85) (end 1.8 6.85) (layer F.CrtYd) (width 0.05))
    (fp_line (start -1.8 -1.8) (end -1.8 6.85) (layer F.CrtYd) (width 0.05))
    (fp_line (start -1.33 -1.33) (end 0 -1.33) (layer F.SilkS) (width 0.12))
    (fp_line (start -1.33 0) (end -1.33 -1.33) (layer F.SilkS) (width 0.12))
    (fp_line (start -1.33 1.27) (end 1.33 1.27) (layer F.SilkS) (width 0.12))
    (fp_line (start 1.33 1.27) (end 1.33 6.41) (layer F.SilkS) (width 0.12))
    (fp_line (start -1.33 1.27) (end -1.33 6.41) (layer F.SilkS) (width 0.12))
    (fp_line (start -1.33 6.41) (end 1.33 6.41) (layer F.SilkS) (width 0.12))
    (fp_line (start -1.27 -0.635) (end -0.635 -1.27) (layer F.Fab) (width 0.1))
    (fp_line (start -1.27 6.35) (end -1.27 -0.635) (layer F.Fab) (width 0.1))
    (fp_line (start 1.27 6.35) (end -1.27 6.35) (layer F.Fab) (width 0.1))
    (fp_line (start 1.27 -1.27) (end 1.27 6.35) (layer F.Fab) (width 0.1))
    (fp_line (start -0.635 -1.27) (end 1.27 -1.27) (layer F.Fab) (width 0.1))
    (pad 3 thru_hole oval (at 0 5.08 90) (size 1.7 1.7) (drill 1) (layers *.Cu *.Mask)
      (net 8 "Net-(C7-Pad2)"))
    (pad 2 thru_hole oval (at 0 2.54 90) (size 1.7 1.7) (drill 1) (layers *.Cu *.Mask)
      (net 13 "Net-(J3-Pad3)"))
    (pad 1 thru_hole rect (at 0 0 90) (size 1.7 1.7) (drill 1) (layers *.Cu *.Mask)
      (net 12 "Net-(J3-Pad2)"))
    (model ${KISYS3DMOD}/Connector_PinHeader_2.54mm.3dshapes/PinHeader_1x03_P2.54mm_Vertical.wrl
      (at (xyz 0 0 0))
      (scale (xyz 1 1 1))
      (rotate (xyz 0 0 0))
    )
  )

  (module Connector_PinHeader_2.54mm:PinHeader_1x03_P2.54mm_Vertical (layer F.Cu) (tedit 59FED5CC) (tstamp 5EAEAD03)
    (at 109.855 123.19 90)
    (descr "Through hole straight pin header, 1x03, 2.54mm pitch, single row")
    (tags "Through hole pin header THT 1x03 2.54mm single row")
    (path /5EB16B2F)
    (fp_text reference J3 (at 0.635 7.62 90) (layer F.SilkS)
      (effects (font (size 1 1) (thickness 0.15)))
    )
    (fp_text value FT50-43,10T (at 0 7.41 90) (layer F.Fab)
      (effects (font (size 1 1) (thickness 0.15)))
    )
    (fp_text user %R (at 0 2.54) (layer F.Fab)
      (effects (font (size 1 1) (thickness 0.15)))
    )
    (fp_line (start 1.8 -1.8) (end -1.8 -1.8) (layer F.CrtYd) (width 0.05))
    (fp_line (start 1.8 6.85) (end 1.8 -1.8) (layer F.CrtYd) (width 0.05))
    (fp_line (start -1.8 6.85) (end 1.8 6.85) (layer F.CrtYd) (width 0.05))
    (fp_line (start -1.8 -1.8) (end -1.8 6.85) (layer F.CrtYd) (width 0.05))
    (fp_line (start -1.33 -1.33) (end 0 -1.33) (layer F.SilkS) (width 0.12))
    (fp_line (start -1.33 0) (end -1.33 -1.33) (layer F.SilkS) (width 0.12))
    (fp_line (start -1.33 1.27) (end 1.33 1.27) (layer F.SilkS) (width 0.12))
    (fp_line (start 1.33 1.27) (end 1.33 6.41) (layer F.SilkS) (width 0.12))
    (fp_line (start -1.33 1.27) (end -1.33 6.41) (layer F.SilkS) (width 0.12))
    (fp_line (start -1.33 6.41) (end 1.33 6.41) (layer F.SilkS) (width 0.12))
    (fp_line (start -1.27 -0.635) (end -0.635 -1.27) (layer F.Fab) (width 0.1))
    (fp_line (start -1.27 6.35) (end -1.27 -0.635) (layer F.Fab) (width 0.1))
    (fp_line (start 1.27 6.35) (end -1.27 6.35) (layer F.Fab) (width 0.1))
    (fp_line (start 1.27 -1.27) (end 1.27 6.35) (layer F.Fab) (width 0.1))
    (fp_line (start -0.635 -1.27) (end 1.27 -1.27) (layer F.Fab) (width 0.1))
    (pad 3 thru_hole oval (at 0 5.08 90) (size 1.7 1.7) (drill 1) (layers *.Cu *.Mask)
      (net 13 "Net-(J3-Pad3)"))
    (pad 2 thru_hole oval (at 0 2.54 90) (size 1.7 1.7) (drill 1) (layers *.Cu *.Mask)
      (net 12 "Net-(J3-Pad2)"))
    (pad 1 thru_hole rect (at 0 0 90) (size 1.7 1.7) (drill 1) (layers *.Cu *.Mask)
      (net 1 +12V))
    (model ${KISYS3DMOD}/Connector_PinHeader_2.54mm.3dshapes/PinHeader_1x03_P2.54mm_Vertical.wrl
      (at (xyz 0 0 0))
      (scale (xyz 1 1 1))
      (rotate (xyz 0 0 0))
    )
  )

  (module digikey-footprints:0805 (layer F.Cu) (tedit 5D288D36) (tstamp 5EAEA13F)
    (at 97.57 126.365 180)
    (path /5EAEE048)
    (attr smd)
    (fp_text reference R3 (at 0 -1.905) (layer F.SilkS)
      (effects (font (size 0.762 0.762) (thickness 0.127)))
    )
    (fp_text value 10 (at 0 1.95) (layer F.Fab)
      (effects (font (size 1 1) (thickness 0.15)))
    )
    (fp_line (start -0.95 -0.675) (end -0.95 0.675) (layer F.Fab) (width 0.12))
    (fp_line (start 0.95 -0.675) (end 0.95 0.675) (layer F.Fab) (width 0.12))
    (fp_line (start -0.95 -0.68) (end 0.95 -0.68) (layer F.Fab) (width 0.12))
    (fp_line (start -0.95 0.68) (end 0.95 0.68) (layer F.Fab) (width 0.12))
    (fp_line (start -0.3 -0.8) (end 0.3 -0.8) (layer F.SilkS) (width 0.12))
    (fp_line (start -0.32 0.8) (end 0.28 0.8) (layer F.SilkS) (width 0.12))
    (fp_line (start -1.9 0.93) (end -1.9 -0.93) (layer F.CrtYd) (width 0.05))
    (fp_line (start 1.9 0.93) (end 1.9 -0.93) (layer F.CrtYd) (width 0.05))
    (fp_line (start -1.9 -0.93) (end 1.9 -0.93) (layer F.CrtYd) (width 0.05))
    (fp_line (start -1.9 0.93) (end 1.9 0.93) (layer F.CrtYd) (width 0.05))
    (pad 1 smd rect (at -1.05 0 180) (size 1.2 1.2) (layers F.Cu F.Paste F.Mask)
      (net 10 "Net-(Q1-Pad1)"))
    (pad 2 smd rect (at 1.05 0 180) (size 1.2 1.2) (layers F.Cu F.Paste F.Mask)
      (net 4 "Net-(C3-Pad2)"))
  )

  (module digikey-footprints:0805 (layer F.Cu) (tedit 5D288D36) (tstamp 5EAE9832)
    (at 98.425 117.475 270)
    (path /5EAFB44A)
    (attr smd)
    (fp_text reference C1 (at -2.54 0 180) (layer F.SilkS)
      (effects (font (size 0.762 0.762) (thickness 0.127)))
    )
    (fp_text value 1uF (at 0 1.95 90) (layer F.Fab)
      (effects (font (size 1 1) (thickness 0.15)))
    )
    (fp_line (start -1.9 0.93) (end 1.9 0.93) (layer F.CrtYd) (width 0.05))
    (fp_line (start -1.9 -0.93) (end 1.9 -0.93) (layer F.CrtYd) (width 0.05))
    (fp_line (start 1.9 0.93) (end 1.9 -0.93) (layer F.CrtYd) (width 0.05))
    (fp_line (start -1.9 0.93) (end -1.9 -0.93) (layer F.CrtYd) (width 0.05))
    (fp_line (start -0.32 0.8) (end 0.28 0.8) (layer F.SilkS) (width 0.12))
    (fp_line (start -0.3 -0.8) (end 0.3 -0.8) (layer F.SilkS) (width 0.12))
    (fp_line (start -0.95 0.68) (end 0.95 0.68) (layer F.Fab) (width 0.12))
    (fp_line (start -0.95 -0.68) (end 0.95 -0.68) (layer F.Fab) (width 0.12))
    (fp_line (start 0.95 -0.675) (end 0.95 0.675) (layer F.Fab) (width 0.12))
    (fp_line (start -0.95 -0.675) (end -0.95 0.675) (layer F.Fab) (width 0.12))
    (pad 2 smd rect (at 1.05 0 270) (size 1.2 1.2) (layers F.Cu F.Paste F.Mask)
      (net 1 +12V))
    (pad 1 smd rect (at -1.05 0 270) (size 1.2 1.2) (layers F.Cu F.Paste F.Mask)
      (net 2 GND))
  )

  (module digikey-footprints:0805 (layer F.Cu) (tedit 5D288D36) (tstamp 5EAE9842)
    (at 89.535 116.84)
    (path /5EAFC2FB)
    (attr smd)
    (fp_text reference C2 (at 0 -1.27) (layer F.SilkS)
      (effects (font (size 0.762 0.762) (thickness 0.127)))
    )
    (fp_text value 1uF (at 0 1.95) (layer F.Fab)
      (effects (font (size 1 1) (thickness 0.15)))
    )
    (fp_line (start -1.9 0.93) (end 1.9 0.93) (layer F.CrtYd) (width 0.05))
    (fp_line (start -1.9 -0.93) (end 1.9 -0.93) (layer F.CrtYd) (width 0.05))
    (fp_line (start 1.9 0.93) (end 1.9 -0.93) (layer F.CrtYd) (width 0.05))
    (fp_line (start -1.9 0.93) (end -1.9 -0.93) (layer F.CrtYd) (width 0.05))
    (fp_line (start -0.32 0.8) (end 0.28 0.8) (layer F.SilkS) (width 0.12))
    (fp_line (start -0.3 -0.8) (end 0.3 -0.8) (layer F.SilkS) (width 0.12))
    (fp_line (start -0.95 0.68) (end 0.95 0.68) (layer F.Fab) (width 0.12))
    (fp_line (start -0.95 -0.68) (end 0.95 -0.68) (layer F.Fab) (width 0.12))
    (fp_line (start 0.95 -0.675) (end 0.95 0.675) (layer F.Fab) (width 0.12))
    (fp_line (start -0.95 -0.675) (end -0.95 0.675) (layer F.Fab) (width 0.12))
    (pad 2 smd rect (at 1.05 0) (size 1.2 1.2) (layers F.Cu F.Paste F.Mask)
      (net 3 "Net-(C2-Pad2)"))
    (pad 1 smd rect (at -1.05 0) (size 1.2 1.2) (layers F.Cu F.Paste F.Mask)
      (net 2 GND))
  )

  (module digikey-footprints:0805 (layer F.Cu) (tedit 5D288D36) (tstamp 5EAE9852)
    (at 90.805 126.365)
    (path /5EAE6E1F)
    (attr smd)
    (fp_text reference C3 (at 0 1.905) (layer F.SilkS)
      (effects (font (size 0.762 0.762) (thickness 0.127)))
    )
    (fp_text value 1uF (at 0 1.95) (layer F.Fab)
      (effects (font (size 1 1) (thickness 0.15)))
    )
    (fp_line (start -1.9 0.93) (end 1.9 0.93) (layer F.CrtYd) (width 0.05))
    (fp_line (start -1.9 -0.93) (end 1.9 -0.93) (layer F.CrtYd) (width 0.05))
    (fp_line (start 1.9 0.93) (end 1.9 -0.93) (layer F.CrtYd) (width 0.05))
    (fp_line (start -1.9 0.93) (end -1.9 -0.93) (layer F.CrtYd) (width 0.05))
    (fp_line (start -0.32 0.8) (end 0.28 0.8) (layer F.SilkS) (width 0.12))
    (fp_line (start -0.3 -0.8) (end 0.3 -0.8) (layer F.SilkS) (width 0.12))
    (fp_line (start -0.95 0.68) (end 0.95 0.68) (layer F.Fab) (width 0.12))
    (fp_line (start -0.95 -0.68) (end 0.95 -0.68) (layer F.Fab) (width 0.12))
    (fp_line (start 0.95 -0.675) (end 0.95 0.675) (layer F.Fab) (width 0.12))
    (fp_line (start -0.95 -0.675) (end -0.95 0.675) (layer F.Fab) (width 0.12))
    (pad 2 smd rect (at 1.05 0) (size 1.2 1.2) (layers F.Cu F.Paste F.Mask)
      (net 4 "Net-(C3-Pad2)"))
    (pad 1 smd rect (at -1.05 0) (size 1.2 1.2) (layers F.Cu F.Paste F.Mask)
      (net 5 "Net-(C3-Pad1)"))
  )

  (module digikey-footprints:0805 (layer F.Cu) (tedit 5D288D36) (tstamp 5EAE9862)
    (at 95.885 122.555 90)
    (path /5EAEBA17)
    (attr smd)
    (fp_text reference C4 (at 2.54 0 180) (layer F.SilkS)
      (effects (font (size 0.762 0.762) (thickness 0.127)))
    )
    (fp_text value 1uF (at 0 1.95 90) (layer F.Fab)
      (effects (font (size 1 1) (thickness 0.15)))
    )
    (fp_line (start -0.95 -0.675) (end -0.95 0.675) (layer F.Fab) (width 0.12))
    (fp_line (start 0.95 -0.675) (end 0.95 0.675) (layer F.Fab) (width 0.12))
    (fp_line (start -0.95 -0.68) (end 0.95 -0.68) (layer F.Fab) (width 0.12))
    (fp_line (start -0.95 0.68) (end 0.95 0.68) (layer F.Fab) (width 0.12))
    (fp_line (start -0.3 -0.8) (end 0.3 -0.8) (layer F.SilkS) (width 0.12))
    (fp_line (start -0.32 0.8) (end 0.28 0.8) (layer F.SilkS) (width 0.12))
    (fp_line (start -1.9 0.93) (end -1.9 -0.93) (layer F.CrtYd) (width 0.05))
    (fp_line (start 1.9 0.93) (end 1.9 -0.93) (layer F.CrtYd) (width 0.05))
    (fp_line (start -1.9 -0.93) (end 1.9 -0.93) (layer F.CrtYd) (width 0.05))
    (fp_line (start -1.9 0.93) (end 1.9 0.93) (layer F.CrtYd) (width 0.05))
    (pad 1 smd rect (at -1.05 0 90) (size 1.2 1.2) (layers F.Cu F.Paste F.Mask)
      (net 2 GND))
    (pad 2 smd rect (at 1.05 0 90) (size 1.2 1.2) (layers F.Cu F.Paste F.Mask)
      (net 11 "Net-(C4-Pad2)"))
  )

  (module digikey-footprints:0805 (layer F.Cu) (tedit 5D288D36) (tstamp 5EAE9872)
    (at 89.535 118.745)
    (path /5EAFBCE9)
    (attr smd)
    (fp_text reference C5 (at -0.635 1.27) (layer F.SilkS)
      (effects (font (size 0.762 0.762) (thickness 0.127)))
    )
    (fp_text value 1uF (at 0 1.95) (layer F.Fab)
      (effects (font (size 1 1) (thickness 0.15)))
    )
    (fp_line (start -0.95 -0.675) (end -0.95 0.675) (layer F.Fab) (width 0.12))
    (fp_line (start 0.95 -0.675) (end 0.95 0.675) (layer F.Fab) (width 0.12))
    (fp_line (start -0.95 -0.68) (end 0.95 -0.68) (layer F.Fab) (width 0.12))
    (fp_line (start -0.95 0.68) (end 0.95 0.68) (layer F.Fab) (width 0.12))
    (fp_line (start -0.3 -0.8) (end 0.3 -0.8) (layer F.SilkS) (width 0.12))
    (fp_line (start -0.32 0.8) (end 0.28 0.8) (layer F.SilkS) (width 0.12))
    (fp_line (start -1.9 0.93) (end -1.9 -0.93) (layer F.CrtYd) (width 0.05))
    (fp_line (start 1.9 0.93) (end 1.9 -0.93) (layer F.CrtYd) (width 0.05))
    (fp_line (start -1.9 -0.93) (end 1.9 -0.93) (layer F.CrtYd) (width 0.05))
    (fp_line (start -1.9 0.93) (end 1.9 0.93) (layer F.CrtYd) (width 0.05))
    (pad 1 smd rect (at -1.05 0) (size 1.2 1.2) (layers F.Cu F.Paste F.Mask)
      (net 2 GND))
    (pad 2 smd rect (at 1.05 0) (size 1.2 1.2) (layers F.Cu F.Paste F.Mask)
      (net 6 +5V))
  )

  (module digikey-footprints:0805 (layer F.Cu) (tedit 5D288D36) (tstamp 5EAE9882)
    (at 106.68 123.825 90)
    (path /5EAF1C18)
    (attr smd)
    (fp_text reference C6 (at -1.27 1.27 270) (layer F.SilkS)
      (effects (font (size 0.762 0.762) (thickness 0.127)))
    )
    (fp_text value 1uF (at 0 1.95 90) (layer F.Fab)
      (effects (font (size 1 1) (thickness 0.15)))
    )
    (fp_line (start -1.9 0.93) (end 1.9 0.93) (layer F.CrtYd) (width 0.05))
    (fp_line (start -1.9 -0.93) (end 1.9 -0.93) (layer F.CrtYd) (width 0.05))
    (fp_line (start 1.9 0.93) (end 1.9 -0.93) (layer F.CrtYd) (width 0.05))
    (fp_line (start -1.9 0.93) (end -1.9 -0.93) (layer F.CrtYd) (width 0.05))
    (fp_line (start -0.32 0.8) (end 0.28 0.8) (layer F.SilkS) (width 0.12))
    (fp_line (start -0.3 -0.8) (end 0.3 -0.8) (layer F.SilkS) (width 0.12))
    (fp_line (start -0.95 0.68) (end 0.95 0.68) (layer F.Fab) (width 0.12))
    (fp_line (start -0.95 -0.68) (end 0.95 -0.68) (layer F.Fab) (width 0.12))
    (fp_line (start 0.95 -0.675) (end 0.95 0.675) (layer F.Fab) (width 0.12))
    (fp_line (start -0.95 -0.675) (end -0.95 0.675) (layer F.Fab) (width 0.12))
    (pad 2 smd rect (at 1.05 0 90) (size 1.2 1.2) (layers F.Cu F.Paste F.Mask)
      (net 1 +12V))
    (pad 1 smd rect (at -1.05 0 90) (size 1.2 1.2) (layers F.Cu F.Paste F.Mask)
      (net 2 GND))
  )

  (module digikey-footprints:0805 (layer F.Cu) (tedit 5D288D36) (tstamp 5EAE9892)
    (at 118.745 126.365 180)
    (path /5EAEF463)
    (attr smd)
    (fp_text reference C7 (at 0 -1.84) (layer F.SilkS)
      (effects (font (size 0.762 0.762) (thickness 0.127)))
    )
    (fp_text value C (at 0 1.95) (layer F.Fab)
      (effects (font (size 1 1) (thickness 0.15)))
    )
    (fp_line (start -0.95 -0.675) (end -0.95 0.675) (layer F.Fab) (width 0.12))
    (fp_line (start 0.95 -0.675) (end 0.95 0.675) (layer F.Fab) (width 0.12))
    (fp_line (start -0.95 -0.68) (end 0.95 -0.68) (layer F.Fab) (width 0.12))
    (fp_line (start -0.95 0.68) (end 0.95 0.68) (layer F.Fab) (width 0.12))
    (fp_line (start -0.3 -0.8) (end 0.3 -0.8) (layer F.SilkS) (width 0.12))
    (fp_line (start -0.32 0.8) (end 0.28 0.8) (layer F.SilkS) (width 0.12))
    (fp_line (start -1.9 0.93) (end -1.9 -0.93) (layer F.CrtYd) (width 0.05))
    (fp_line (start 1.9 0.93) (end 1.9 -0.93) (layer F.CrtYd) (width 0.05))
    (fp_line (start -1.9 -0.93) (end 1.9 -0.93) (layer F.CrtYd) (width 0.05))
    (fp_line (start -1.9 0.93) (end 1.9 0.93) (layer F.CrtYd) (width 0.05))
    (pad 1 smd rect (at -1.05 0 180) (size 1.2 1.2) (layers F.Cu F.Paste F.Mask)
      (net 7 "Net-(C7-Pad1)"))
    (pad 2 smd rect (at 1.05 0 180) (size 1.2 1.2) (layers F.Cu F.Paste F.Mask)
      (net 8 "Net-(C7-Pad2)"))
  )

  (module Connector_PinSocket_2.54mm:PinSocket_1x03_P2.54mm_Vertical (layer F.Cu) (tedit 5A19A429) (tstamp 5EAEC41A)
    (at 109.22 116.84 270)
    (descr "Through hole straight socket strip, 1x03, 2.54mm pitch, single row (from Kicad 4.0.7), script generated")
    (tags "Through hole socket strip THT 1x03 2.54mm single row")
    (path /5EB01E1A)
    (fp_text reference J1 (at 2.54 -1.905 90) (layer F.SilkS)
      (effects (font (size 1 1) (thickness 0.15)))
    )
    (fp_text value PWR (at 0 7.85 90) (layer F.Fab)
      (effects (font (size 1 1) (thickness 0.15)))
    )
    (fp_line (start -1.27 -1.27) (end 0.635 -1.27) (layer F.Fab) (width 0.1))
    (fp_line (start 0.635 -1.27) (end 1.27 -0.635) (layer F.Fab) (width 0.1))
    (fp_line (start 1.27 -0.635) (end 1.27 6.35) (layer F.Fab) (width 0.1))
    (fp_line (start 1.27 6.35) (end -1.27 6.35) (layer F.Fab) (width 0.1))
    (fp_line (start -1.27 6.35) (end -1.27 -1.27) (layer F.Fab) (width 0.1))
    (fp_line (start -1.33 1.27) (end 1.33 1.27) (layer F.SilkS) (width 0.12))
    (fp_line (start -1.33 1.27) (end -1.33 6.41) (layer F.SilkS) (width 0.12))
    (fp_line (start -1.33 6.41) (end 1.33 6.41) (layer F.SilkS) (width 0.12))
    (fp_line (start 1.33 1.27) (end 1.33 6.41) (layer F.SilkS) (width 0.12))
    (fp_line (start 1.33 -1.33) (end 1.33 0) (layer F.SilkS) (width 0.12))
    (fp_line (start 0 -1.33) (end 1.33 -1.33) (layer F.SilkS) (width 0.12))
    (fp_line (start -1.8 -1.8) (end 1.75 -1.8) (layer F.CrtYd) (width 0.05))
    (fp_line (start 1.75 -1.8) (end 1.75 6.85) (layer F.CrtYd) (width 0.05))
    (fp_line (start 1.75 6.85) (end -1.8 6.85) (layer F.CrtYd) (width 0.05))
    (fp_line (start -1.8 6.85) (end -1.8 -1.8) (layer F.CrtYd) (width 0.05))
    (fp_text user %R (at 0 2.54) (layer F.Fab)
      (effects (font (size 1 1) (thickness 0.15)))
    )
    (pad 1 thru_hole rect (at 0 0 270) (size 1.7 1.7) (drill 1) (layers *.Cu *.Mask)
      (net 1 +12V))
    (pad 2 thru_hole oval (at 0 2.54 270) (size 1.7 1.7) (drill 1) (layers *.Cu *.Mask)
      (net 2 GND))
    (pad 3 thru_hole oval (at 0 5.08 270) (size 1.7 1.7) (drill 1) (layers *.Cu *.Mask)
      (net 9 "Net-(J1-Pad3)"))
    (model ${KISYS3DMOD}/Connector_PinSocket_2.54mm.3dshapes/PinSocket_1x03_P2.54mm_Vertical.wrl
      (at (xyz 0 0 0))
      (scale (xyz 1 1 1))
      (rotate (xyz 0 0 0))
    )
  )

  (module digikey-footprints:RF_SMA_BoardEdge_142-0701-801 (layer F.Cu) (tedit 5CADFB52) (tstamp 5EAE98BB)
    (at 82.55 126.365 90)
    (descr https://belfuse.com/resources/Johnson/productinformation/pi-142-0701-801.pdf)
    (path /5EAE590A)
    (fp_text reference J2 (at -4.445 6.985) (layer F.SilkS)
      (effects (font (size 1 1) (thickness 0.15)))
    )
    (fp_text value RF_IN (at 0 6.36 90) (layer F.Fab)
      (effects (font (size 1 1) (thickness 0.15)))
    )
    (fp_text user %R (at 0 -3.7 90) (layer F.Fab)
      (effects (font (size 1 1) (thickness 0.15)))
    )
    (fp_line (start -5.84 5.33) (end 5.84 5.33) (layer F.CrtYd) (width 0.05))
    (fp_line (start 5.84 0) (end 5.84 5.33) (layer F.CrtYd) (width 0.05))
    (fp_line (start -5.84 0) (end -5.84 5.33) (layer F.CrtYd) (width 0.05))
    (fp_line (start -4.76 4.75) (end -4.76 -9.52) (layer F.Fab) (width 0.1))
    (fp_line (start 4.76 4.75) (end -4.76 4.75) (layer F.Fab) (width 0.1))
    (fp_line (start 4.76 -9.52) (end -4.76 -9.52) (layer F.Fab) (width 0.1))
    (fp_line (start 4.76 4.75) (end 4.76 -9.52) (layer F.Fab) (width 0.1))
    (fp_line (start -5.84 0) (end 5.84 0) (layer F.CrtYd) (width 0.05))
    (pad 2 smd rect (at -4.3815 2.54 90) (size 2.413 5.08) (layers F.Cu F.Paste F.Mask)
      (net 2 GND))
    (pad 1 smd rect (at 0 2.54 90) (size 2.286 5.08) (layers F.Cu F.Paste F.Mask)
      (net 5 "Net-(C3-Pad1)"))
    (pad 2 smd rect (at 4.3815 2.54 90) (size 2.413 5.08) (layers F.Cu F.Paste F.Mask)
      (net 2 GND))
    (pad 2 smd rect (at 4.3815 2.54 90) (size 2.413 5.08) (layers B.Cu B.Paste B.Mask)
      (net 2 GND))
    (pad 2 smd rect (at -4.3815 2.54 90) (size 2.413 5.08) (layers B.Cu B.Paste B.Mask)
      (net 2 GND))
  )

  (module digikey-footprints:TO-220-3 (layer F.Cu) (tedit 5AFA02CB) (tstamp 5EAE9903)
    (at 102.87 125.095 270)
    (descr http://www.st.com/content/ccc/resource/technical/document/datasheet/f9/ed/f5/44/26/b9/43/a4/CD00000911.pdf/files/CD00000911.pdf/jcr:content/translations/en.CD00000911.pdf)
    (path /5EAE41E3)
    (fp_text reference Q1 (at -3.175 1.905 180) (layer F.SilkS)
      (effects (font (size 1 1) (thickness 0.15)))
    )
    (fp_text value IRF510PBF (at 2.27 3.63 90) (layer F.Fab)
      (effects (font (size 1 1) (thickness 0.15)))
    )
    (fp_line (start -2.56 -1.29) (end 7.54 -1.29) (layer F.SilkS) (width 0.1))
    (fp_line (start -2.45 -1.3) (end 7.54 -1.3) (layer F.Fab) (width 0.1))
    (fp_line (start -2.71 2.5) (end 7.79 2.5) (layer F.CrtYd) (width 0.05))
    (fp_line (start -2.71 -2.5) (end 7.79 -2.5) (layer F.CrtYd) (width 0.05))
    (fp_line (start -2.71 -2.5) (end -2.71 2.5) (layer F.CrtYd) (width 0.05))
    (fp_line (start 7.79 -2.5) (end 7.79 2.5) (layer F.CrtYd) (width 0.05))
    (fp_line (start 7.64 2.4) (end 7.64 2) (layer F.SilkS) (width 0.1))
    (fp_line (start 7.64 2.4) (end 7.24 2.4) (layer F.SilkS) (width 0.1))
    (fp_line (start -2.56 2.4) (end -2.56 -2) (layer F.SilkS) (width 0.1))
    (fp_line (start -2.56 2.4) (end -2.16 2.4) (layer F.SilkS) (width 0.1))
    (fp_line (start -2.56 -2.4) (end -2.56 -2) (layer F.SilkS) (width 0.1))
    (fp_line (start -2.56 -2.4) (end -2.16 -2.4) (layer F.SilkS) (width 0.1))
    (fp_line (start 7.24 -2.4) (end 7.64 -2.4) (layer F.SilkS) (width 0.1))
    (fp_line (start 7.64 -2.4) (end 7.64 -2) (layer F.SilkS) (width 0.1))
    (fp_text user %R (at 2.52 -0.01 90) (layer F.Fab)
      (effects (font (size 1 1) (thickness 0.15)))
    )
    (fp_line (start 7.54 2.25) (end 7.54 -2.25) (layer F.Fab) (width 0.1))
    (fp_line (start -2.46 -2.25) (end -2.46 2.25) (layer F.Fab) (width 0.1))
    (fp_line (start -2.46 -2.25) (end 7.54 -2.25) (layer F.Fab) (width 0.1))
    (fp_line (start -2.46 2.25) (end 7.54 2.25) (layer F.Fab) (width 0.1))
    (pad 1 thru_hole rect (at 0 0 270) (size 2 2) (drill 1) (layers *.Cu *.Mask)
      (net 10 "Net-(Q1-Pad1)"))
    (pad 2 thru_hole circle (at 2.54 0 270) (size 2 2) (drill 1) (layers *.Cu *.Mask)
      (net 12 "Net-(J3-Pad2)"))
    (pad 3 thru_hole circle (at 5.08 0 270) (size 2 2) (drill 1) (layers *.Cu *.Mask)
      (net 2 GND))
  )

  (module digikey-footprints:0805 (layer F.Cu) (tedit 5D288D36) (tstamp 5EAE9913)
    (at 96.52 117.475001 270)
    (path /5EAF9F21)
    (attr smd)
    (fp_text reference R1 (at -2.540001 0 180) (layer F.SilkS)
      (effects (font (size 0.762 0.762) (thickness 0.127)))
    )
    (fp_text value 100k (at 0 1.95 90) (layer F.Fab)
      (effects (font (size 1 1) (thickness 0.15)))
    )
    (fp_line (start -0.95 -0.675) (end -0.95 0.675) (layer F.Fab) (width 0.12))
    (fp_line (start 0.95 -0.675) (end 0.95 0.675) (layer F.Fab) (width 0.12))
    (fp_line (start -0.95 -0.68) (end 0.95 -0.68) (layer F.Fab) (width 0.12))
    (fp_line (start -0.95 0.68) (end 0.95 0.68) (layer F.Fab) (width 0.12))
    (fp_line (start -0.3 -0.8) (end 0.3 -0.8) (layer F.SilkS) (width 0.12))
    (fp_line (start -0.32 0.8) (end 0.28 0.8) (layer F.SilkS) (width 0.12))
    (fp_line (start -1.9 0.93) (end -1.9 -0.93) (layer F.CrtYd) (width 0.05))
    (fp_line (start 1.9 0.93) (end 1.9 -0.93) (layer F.CrtYd) (width 0.05))
    (fp_line (start -1.9 -0.93) (end 1.9 -0.93) (layer F.CrtYd) (width 0.05))
    (fp_line (start -1.9 0.93) (end 1.9 0.93) (layer F.CrtYd) (width 0.05))
    (pad 1 smd rect (at -1.05 0 270) (size 1.2 1.2) (layers F.Cu F.Paste F.Mask)
      (net 9 "Net-(J1-Pad3)"))
    (pad 2 smd rect (at 1.05 0 270) (size 1.2 1.2) (layers F.Cu F.Paste F.Mask)
      (net 1 +12V))
  )

  (module digikey-footprints:0805 (layer F.Cu) (tedit 5D288D36) (tstamp 5EAE9923)
    (at 97.79 122.555 270)
    (path /5EB0B3F3)
    (attr smd)
    (fp_text reference R2 (at -2.54 0 180) (layer F.SilkS)
      (effects (font (size 0.762 0.762) (thickness 0.127)))
    )
    (fp_text value 3.3k (at 0 1.95 90) (layer F.Fab)
      (effects (font (size 1 1) (thickness 0.15)))
    )
    (fp_line (start -1.9 0.93) (end 1.9 0.93) (layer F.CrtYd) (width 0.05))
    (fp_line (start -1.9 -0.93) (end 1.9 -0.93) (layer F.CrtYd) (width 0.05))
    (fp_line (start 1.9 0.93) (end 1.9 -0.93) (layer F.CrtYd) (width 0.05))
    (fp_line (start -1.9 0.93) (end -1.9 -0.93) (layer F.CrtYd) (width 0.05))
    (fp_line (start -0.32 0.8) (end 0.28 0.8) (layer F.SilkS) (width 0.12))
    (fp_line (start -0.3 -0.8) (end 0.3 -0.8) (layer F.SilkS) (width 0.12))
    (fp_line (start -0.95 0.68) (end 0.95 0.68) (layer F.Fab) (width 0.12))
    (fp_line (start -0.95 -0.68) (end 0.95 -0.68) (layer F.Fab) (width 0.12))
    (fp_line (start 0.95 -0.675) (end 0.95 0.675) (layer F.Fab) (width 0.12))
    (fp_line (start -0.95 -0.675) (end -0.95 0.675) (layer F.Fab) (width 0.12))
    (pad 2 smd rect (at 1.05 0 270) (size 1.2 1.2) (layers F.Cu F.Paste F.Mask)
      (net 4 "Net-(C3-Pad2)"))
    (pad 1 smd rect (at -1.05 0 270) (size 1.2 1.2) (layers F.Cu F.Paste F.Mask)
      (net 11 "Net-(C4-Pad2)"))
  )

  (module digikey-footprints:Trimpot_3.8mmx3.6mm_TC33X-2-103E (layer F.Cu) (tedit 5D28AC64) (tstamp 5EAE993C)
    (at 92.075 121.92 270)
    (descr http://www.bourns.com/docs/Product-Datasheets/TC33.pdf)
    (path /5EAEA891)
    (attr smd)
    (fp_text reference RV1 (at 2.54 -1.27 180) (layer F.SilkS)
      (effects (font (size 0.762 0.762) (thickness 0.1524)))
    )
    (fp_text value 4.7k (at 0 3.65 90) (layer F.Fab)
      (effects (font (size 1 1) (thickness 0.15)))
    )
    (fp_line (start -2.05 -2.45) (end -2.05 2.65) (layer F.CrtYd) (width 0.05))
    (fp_line (start 2.05 2.65) (end 2.05 -2.45) (layer F.CrtYd) (width 0.05))
    (fp_line (start 2.05 2.65) (end -2.05 2.65) (layer F.CrtYd) (width 0.05))
    (fp_line (start 2.05 -2.45) (end -2.05 -2.45) (layer F.CrtYd) (width 0.05))
    (fp_text user %R (at 0 0 90) (layer F.Fab)
      (effects (font (size 0.5 0.5) (thickness 0.05)))
    )
    (fp_line (start -1.9 -2) (end -1.9 -1.75) (layer F.SilkS) (width 0.1))
    (fp_line (start -1.9 -2) (end -1.65 -2) (layer F.SilkS) (width 0.1))
    (fp_line (start 1.9 -2) (end 1.9 -1.75) (layer F.SilkS) (width 0.1))
    (fp_line (start 1.9 -2) (end 1.65 -2) (layer F.SilkS) (width 0.1))
    (fp_line (start 1.9 2) (end 1.7 2) (layer F.SilkS) (width 0.1))
    (fp_line (start 1.9 2) (end 1.9 1.75) (layer F.SilkS) (width 0.1))
    (fp_line (start -1.9 1.75) (end -1.9 2) (layer F.SilkS) (width 0.1))
    (fp_line (start -1.9 2) (end -1.7 2) (layer F.SilkS) (width 0.1))
    (fp_line (start -1.7 2) (end -1.7 2.35) (layer F.SilkS) (width 0.1))
    (fp_line (start 1.8 1.9) (end 1.8 -1.9) (layer F.Fab) (width 0.1))
    (fp_line (start -1.8 -1.9) (end -1.8 1.9) (layer F.Fab) (width 0.1))
    (fp_line (start -1.8 -1.9) (end 1.8 -1.9) (layer F.Fab) (width 0.1))
    (fp_line (start -1.8 1.9) (end 1.8 1.9) (layer F.Fab) (width 0.1))
    (pad 2 smd rect (at 0 -1.45 270) (size 1.6 1.5) (layers F.Cu F.Paste F.Mask)
      (net 11 "Net-(C4-Pad2)"))
    (pad 1 smd rect (at -1 1.8 270) (size 1.2 1.2) (layers F.Cu F.Paste F.Mask)
      (net 6 +5V))
    (pad 3 smd rect (at 1 1.8 270) (size 1.2 1.2) (layers F.Cu F.Paste F.Mask)
      (net 2 GND))
  )

  (module Package_TO_SOT_SMD:SOT-23-5 (layer F.Cu) (tedit 5A02FF57) (tstamp 5EAE9951)
    (at 93.345001 117.475 180)
    (descr "5-pin SOT23 package")
    (tags SOT-23-5)
    (path /5EAE7AAE)
    (attr smd)
    (fp_text reference U1 (at 0.000001 1.905) (layer F.SilkS)
      (effects (font (size 0.762 0.762) (thickness 0.127)))
    )
    (fp_text value SPX3819M5-L-5-0 (at 0 2.9) (layer F.Fab)
      (effects (font (size 1 1) (thickness 0.15)))
    )
    (fp_text user %R (at 0 0 90) (layer F.Fab)
      (effects (font (size 0.5 0.5) (thickness 0.075)))
    )
    (fp_line (start -0.9 1.61) (end 0.9 1.61) (layer F.SilkS) (width 0.12))
    (fp_line (start 0.9 -1.61) (end -1.55 -1.61) (layer F.SilkS) (width 0.12))
    (fp_line (start -1.9 -1.8) (end 1.9 -1.8) (layer F.CrtYd) (width 0.05))
    (fp_line (start 1.9 -1.8) (end 1.9 1.8) (layer F.CrtYd) (width 0.05))
    (fp_line (start 1.9 1.8) (end -1.9 1.8) (layer F.CrtYd) (width 0.05))
    (fp_line (start -1.9 1.8) (end -1.9 -1.8) (layer F.CrtYd) (width 0.05))
    (fp_line (start -0.9 -0.9) (end -0.25 -1.55) (layer F.Fab) (width 0.1))
    (fp_line (start 0.9 -1.55) (end -0.25 -1.55) (layer F.Fab) (width 0.1))
    (fp_line (start -0.9 -0.9) (end -0.9 1.55) (layer F.Fab) (width 0.1))
    (fp_line (start 0.9 1.55) (end -0.9 1.55) (layer F.Fab) (width 0.1))
    (fp_line (start 0.9 -1.55) (end 0.9 1.55) (layer F.Fab) (width 0.1))
    (pad 1 smd rect (at -1.1 -0.95 180) (size 1.06 0.65) (layers F.Cu F.Paste F.Mask)
      (net 1 +12V))
    (pad 2 smd rect (at -1.1 0 180) (size 1.06 0.65) (layers F.Cu F.Paste F.Mask)
      (net 2 GND))
    (pad 3 smd rect (at -1.1 0.95 180) (size 1.06 0.65) (layers F.Cu F.Paste F.Mask)
      (net 9 "Net-(J1-Pad3)"))
    (pad 4 smd rect (at 1.1 0.95 180) (size 1.06 0.65) (layers F.Cu F.Paste F.Mask)
      (net 3 "Net-(C2-Pad2)"))
    (pad 5 smd rect (at 1.1 -0.95 180) (size 1.06 0.65) (layers F.Cu F.Paste F.Mask)
      (net 6 +5V))
    (model ${KISYS3DMOD}/Package_TO_SOT_SMD.3dshapes/SOT-23-5.wrl
      (at (xyz 0 0 0))
      (scale (xyz 1 1 1))
      (rotate (xyz 0 0 0))
    )
  )

  (gr_text "FT50-43,10T\nTrifilar Tranformer" (at 112.395 127) (layer B.SilkS) (tstamp 5EAEB9DB)
    (effects (font (size 0.762 0.762) (thickness 0.1524)) (justify mirror))
  )
  (gr_text FT50-43,10T (at 112.395 127) (layer F.SilkS) (tstamp 5EAEB9C5)
    (effects (font (size 0.762 0.762) (thickness 0.1524)))
  )
  (gr_text C (at 114.935 128.905 90) (layer F.SilkS) (tstamp 5EAEB97F)
    (effects (font (size 1.016 1.016) (thickness 0.2032)) (justify left))
  )
  (gr_text B (at 112.395 128.905 90) (layer F.SilkS) (tstamp 5EAEB97D)
    (effects (font (size 1.016 1.016) (thickness 0.2032)) (justify left))
  )
  (gr_text A (at 109.855 128.905 90) (layer F.SilkS) (tstamp 5EAEB978)
    (effects (font (size 1.016 1.016) (thickness 0.2032)) (justify left))
  )
  (gr_text C (at 114.935 124.46 90) (layer F.SilkS) (tstamp 5EAEB944)
    (effects (font (size 1.016 1.016) (thickness 0.2032)) (justify right))
  )
  (gr_text B (at 112.395 124.46 90) (layer F.SilkS) (tstamp 5EAEB942)
    (effects (font (size 1.016 1.016) (thickness 0.2032)) (justify right))
  )
  (gr_text A (at 109.855 124.52 90) (layer F.SilkS) (tstamp 5EAEB93A)
    (effects (font (size 1.016 1.016) (thickness 0.2032)) (justify right))
  )
  (gr_text "RF\nOUT" (at 124.46 126.365 90) (layer B.SilkS) (tstamp 5EAEB579)
    (effects (font (size 1.27 1.27) (thickness 0.3048)) (justify mirror))
  )
  (gr_text "RF\nIN" (at 85.09 126.365 90) (layer B.SilkS)
    (effects (font (size 1.27 1.27) (thickness 0.3048)) (justify mirror))
  )
  (gr_text "KJ4QLP, 20200503" (at 118.745 116.205) (layer B.SilkS) (tstamp 5EAE54FE)
    (effects (font (size 1.016 1.016) (thickness 0.2032)) (justify mirror))
  )
  (gr_text "IRF510 Simple PA\nV1, Rev-" (at 118.745 117.475) (layer F.SilkS) (tstamp 5EAE54C3)
    (effects (font (size 1.016 1.016) (thickness 0.2032)))
  )
  (gr_text ~DIS (at 104.14 118.745 90) (layer F.SilkS) (tstamp 5EAE53EE)
    (effects (font (size 1.016 1.016) (thickness 0.254)) (justify right))
  )
  (gr_text GND (at 106.68 118.745 90) (layer F.SilkS) (tstamp 5EAE53E4)
    (effects (font (size 1.016 1.016) (thickness 0.254)) (justify right))
  )
  (gr_text 12V (at 109.22 118.745 90) (layer F.SilkS)
    (effects (font (size 1.016 1.016) (thickness 0.254)) (justify right))
  )
  (gr_line (start 127 133.35) (end 82.55 133.35) (layer Edge.Cuts) (width 0.05) (tstamp 5EAEC28E))
